40.000000	0.001032
80.000000	0.002064
1120.000000	0.005960
2160.000000	0.006792
3200.000000	0.007792
4240.000000	0.008624
5280.000000	0.011688
6320.000000	0.012520
7360.000000	0.013352
8400.000000	0.013520
9440.000000	0.014184
10480.000000	0.014352
11520.000000	0.015184
12560.000000	0.016016
13600.000000	0.017416
14640.000000	0.018248
15680.000000	0.019080
16720.000000	0.019248
17760.000000	0.019912
18800.000000	0.020080
19840.000000	0.020744
20880.000000	0.020912
21920.000000	0.021576
22960.000000	0.021744
24000.000000	0.022408
25040.000000	0.022576
26080.000000	0.023240
27120.000000	0.023408
28160.000000	0.024072
29200.000000	0.024240
30240.000000	0.024904
31280.000000	0.025072
32320.000000	0.025736
33360.000000	0.025904
34400.000000	0.026568
35440.000000	0.026736
36480.000000	0.027400
37520.000000	0.027568
38560.000000	0.028232
39600.000000	0.028400
40640.000000	0.029064
41680.000000	0.029232
42720.000000	0.029896
43760.000000	0.030064
44800.000000	0.030728
45840.000000	0.030896
46880.000000	0.031560
47920.000000	0.031728
48960.000000	0.032392
50000.000000	0.032560
51040.000000	0.033224
52080.000000	0.033392
53120.000000	0.034056
54160.000000	0.034224
55200.000000	0.034888
56240.000000	0.035056
57280.000000	0.035720
58320.000000	0.035888
59360.000000	0.036552
60400.000000	0.036720
61440.000000	0.037384
62480.000000	0.037552
63520.000000	0.038216
64560.000000	0.038384
65600.000000	0.039048
66640.000000	0.039216
67680.000000	0.039880
68720.000000	0.040048
69760.000000	0.040712
70800.000000	0.040880
71840.000000	0.041544
72880.000000	0.041712
73920.000000	0.042376
74960.000000	0.042544
76000.000000	0.043208
77040.000000	0.043376
78080.000000	0.044040
79120.000000	0.044208
80160.000000	0.044872
81200.000000	0.045040
82240.000000	0.045704
83280.000000	0.045872
84320.000000	0.046536
85360.000000	0.046704
86400.000000	0.047368
87440.000000	0.047536
88480.000000	0.048200
89520.000000	0.048368
90560.000000	0.049032
91600.000000	0.049200
92640.000000	0.050032
93680.000000	0.050864
94720.000000	0.054760
95760.000000	0.055592
96800.000000	0.056592
97840.000000	0.057424
98880.000000	0.060488
99920.000000	0.061320
100960.000000	0.062152
102000.000000	0.062320
103040.000000	0.062984
104080.000000	0.063152
105120.000000	0.063984
106160.000000	0.064816
107200.000000	0.066216
108240.000000	0.067048
109280.000000	0.067880
110320.000000	0.068048
111360.000000	0.068712
112400.000000	0.068880
113440.000000	0.069544
114480.000000	0.069712
115520.000000	0.070376
116560.000000	0.070544
117600.000000	0.071376
118640.000000	0.071944
119680.000000	0.072208
120720.000000	0.072776
121760.000000	0.073608
122800.000000	0.073776
123840.000000	0.074440
124880.000000	0.074608
125920.000000	0.075272
126960.000000	0.075440
128000.000000	0.076104
129040.000000	0.076272
130080.000000	0.076936
131120.000000	0.077104
132160.000000	0.077768
133200.000000	0.077936
134240.000000	0.078600
135280.000000	0.078768
136320.000000	0.079432
137360.000000	0.079600
138400.000000	0.080264
139440.000000	0.080432
140480.000000	0.081096
141520.000000	0.081264
142560.000000	0.081928
143600.000000	0.082096
144640.000000	0.082760
145680.000000	0.082928
146720.000000	0.083592
147760.000000	0.083760
148800.000000	0.084424
149840.000000	0.084592
150880.000000	0.085256
151920.000000	0.085424
152960.000000	0.086088
154000.000000	0.086256
155040.000000	0.086920
156080.000000	0.087088
157120.000000	0.087752
158160.000000	0.087920
159200.000000	0.088584
160240.000000	0.088752
161280.000000	0.089416
162320.000000	0.089584
163360.000000	0.090248
164400.000000	0.090416
165440.000000	0.091080
166480.000000	0.091248
167520.000000	0.091912
168560.000000	0.092080
169600.000000	0.092744
170640.000000	0.092912
171680.000000	0.093576
172720.000000	0.093744
173760.000000	0.094408
174800.000000	0.094576
175840.000000	0.095240
176880.000000	0.095408
177920.000000	0.096072
178960.000000	0.096240
180000.000000	0.096904
181040.000000	0.097072
182080.000000	0.097736
183120.000000	0.097904
184160.000000	0.098568
185200.000000	0.098736
186240.000000	0.099400
187280.000000	0.099568
188320.000000	0.100232
189360.000000	0.100400
190400.000000	0.101064
191440.000000	0.101232
192480.000000	0.101896
193520.000000	0.102064
194560.000000	0.102728
195600.000000	0.102896
196640.000000	0.103560
197680.000000	0.103728
198720.000000	0.104392
199760.000000	0.104560
200800.000000	0.105224
201840.000000	0.105392
202880.000000	0.106056
203920.000000	0.106224
204960.000000	0.106888
206000.000000	0.107056
207040.000000	0.107720
208080.000000	0.107888
209120.000000	0.108552
210160.000000	0.108720
211200.000000	0.109384
212240.000000	0.109552
213280.000000	0.110216
214320.000000	0.110384
215360.000000	0.111048
216400.000000	0.111216
217440.000000	0.111880
218480.000000	0.112048
219520.000000	0.112712
220560.000000	0.112880
221600.000000	0.113544
222640.000000	0.113712
223680.000000	0.114376
224720.000000	0.114544
225760.000000	0.115208
226800.000000	0.115376
227840.000000	0.116040
228880.000000	0.116208
229920.000000	0.116872
230960.000000	0.117040
232000.000000	0.117704
233040.000000	0.117872
234080.000000	0.118536
235120.000000	0.118704
236160.000000	0.119368
237200.000000	0.119536
238240.000000	0.120200
239280.000000	0.120368
240320.000000	0.121032
241360.000000	0.121200
242400.000000	0.121864
243440.000000	0.122032
244480.000000	0.122696
245520.000000	0.122864
246560.000000	0.123528
247600.000000	0.123696
248640.000000	0.124360
249680.000000	0.124528
250720.000000	0.125192
251760.000000	0.125360
252800.000000	0.126024
253840.000000	0.126192
254880.000000	0.126856
255920.000000	0.127024
256960.000000	0.127688
258000.000000	0.127856
259040.000000	0.128520
260080.000000	0.128688
261120.000000	0.129352
262160.000000	0.129520
263200.000000	0.130184
264240.000000	0.130352
265280.000000	0.131016
266320.000000	0.131184
267360.000000	0.131848
268400.000000	0.132016
269440.000000	0.132680
270480.000000	0.132848
271520.000000	0.133512
272560.000000	0.133680
273600.000000	0.134344
274640.000000	0.134512
275680.000000	0.135176
276720.000000	0.135344
277760.000000	0.136008
278800.000000	0.136176
279840.000000	0.136840
280880.000000	0.137008
281920.000000	0.137672
282960.000000	0.137840
284000.000000	0.138504
285040.000000	0.138672
286080.000000	0.139336
287120.000000	0.139504
288160.000000	0.140168
289200.000000	0.140336
290240.000000	0.141000
291280.000000	0.141168
292320.000000	0.141832
293360.000000	0.142000
294400.000000	0.142664
295440.000000	0.142832
296480.000000	0.143496
297520.000000	0.143664
298560.000000	0.144328
299600.000000	0.144496
300640.000000	0.145160
301680.000000	0.145328
302720.000000	0.145992
303760.000000	0.146160
304800.000000	0.146824
305840.000000	0.146992
306880.000000	0.147656
307920.000000	0.147824
308960.000000	0.148488
310000.000000	0.148656
311040.000000	0.149320
312080.000000	0.149488
313120.000000	0.150152
314160.000000	0.150320
315200.000000	0.150984
316240.000000	0.151152
317280.000000	0.151816
318320.000000	0.151984
319360.000000	0.152648
320400.000000	0.152816
321440.000000	0.153480
322480.000000	0.153648
323520.000000	0.154312
324560.000000	0.154480
325600.000000	0.155144
326640.000000	0.155312
327680.000000	0.155976
328720.000000	0.156144
329760.000000	0.156808
330800.000000	0.156976
331840.000000	0.157640
332880.000000	0.157808
333920.000000	0.158472
334960.000000	0.158640
336000.000000	0.159304
337040.000000	0.159472
338080.000000	0.160136
339120.000000	0.160304
340160.000000	0.160968
341200.000000	0.161136
342240.000000	0.161800
343280.000000	0.161968
344320.000000	0.162632
345360.000000	0.162800
346400.000000	0.163464
347440.000000	0.163632
348480.000000	0.164296
349520.000000	0.164464
350560.000000	0.165128
351600.000000	0.165296
352640.000000	0.165960
353680.000000	0.166128
354720.000000	0.166792
355760.000000	0.166960
356800.000000	0.167792
357840.000000	0.168624
358880.000000	0.172520
359920.000000	0.173352
360960.000000	0.174352
362000.000000	0.175184
363040.000000	0.178248
364080.000000	0.179080
365120.000000	0.179912
366160.000000	0.180080
367200.000000	0.180744
368240.000000	0.180912
369280.000000	0.181744
370320.000000	0.182576
371360.000000	0.183976
372400.000000	0.184808
373440.000000	0.185640
374480.000000	0.185808
375520.000000	0.186472
376560.000000	0.186640
377600.000000	0.187304
378640.000000	0.187472
379680.000000	0.188136
380720.000000	0.188304
381760.000000	0.188968
382800.000000	0.189136
383840.000000	0.189800
384880.000000	0.189968
385920.000000	0.190632
386960.000000	0.190800
388000.000000	0.191464
389040.000000	0.191632
390080.000000	0.192296
391120.000000	0.192464
392160.000000	0.193128
393200.000000	0.193296
394240.000000	0.193960
395280.000000	0.194128
396320.000000	0.194792
397360.000000	0.194960
398400.000000	0.195624
399440.000000	0.195792
400480.000000	0.196456
401520.000000	0.196624
402560.000000	0.197288
403600.000000	0.197456
404640.000000	0.198120
405680.000000	0.198288
406720.000000	0.198952
407760.000000	0.199120
408800.000000	0.199784
409840.000000	0.199952
410880.000000	0.200616
411920.000000	0.200784
412960.000000	0.201448
414000.000000	0.201616
210.000000	0.201784
415040.000000	0.202280
416080.000000	0.202616
417120.000000	0.203112
418160.000000	0.203448
419200.000000	0.203944
420240.000000	0.204280
421280.000000	0.204776
422320.000000	0.205112
420.000000	0.205280
423360.000000	0.205608
424400.000000	0.206112
425440.000000	0.206440
426480.000000	0.206944
427520.000000	0.207272
428560.000000	0.207776
429600.000000	0.208104
430640.000000	0.208608
431680.000000	0.208936
432720.000000	0.209440
630.000000	0.209608
433760.000000	0.209768
434800.000000	0.210440
435840.000000	0.210600
436880.000000	0.211272
437920.000000	0.211432
438960.000000	0.212104
440000.000000	0.212264
441040.000000	0.212936
442080.000000	0.213096
840.000000	0.213104
443120.000000	0.213928
444160.000000	0.213936
445200.000000	0.214760
446240.000000	0.214768
447280.000000	0.215592
448320.000000	0.215600
449360.000000	0.216424
450400.000000	0.216432
451440.000000	0.217256
452480.000000	0.217264
1050.000000	0.217432
453520.000000	0.218088
454560.000000	0.218264
455600.000000	0.218920
456640.000000	0.219096
457680.000000	0.219752
458720.000000	0.219928
459760.000000	0.220584
460800.000000	0.220760
1260.000000	0.220928
461840.000000	0.221416
462880.000000	0.221760
463920.000000	0.222248
464960.000000	0.222592
466000.000000	0.223080
467040.000000	0.223424
468080.000000	0.223912
469120.000000	0.224256
470160.000000	0.224744
471200.000000	0.225088
1470.000000	0.225256
472240.000000	0.225576
473280.000000	0.226088
474320.000000	0.226408
475360.000000	0.226920
476400.000000	0.227240
477440.000000	0.227752
478480.000000	0.228072
479520.000000	0.228584
1680.000000	0.228752
480560.000000	0.228904
481600.000000	0.229584
482640.000000	0.229736
483680.000000	0.230416
484720.000000	0.230568
485760.000000	0.231248
486800.000000	0.231400
487840.000000	0.232080
488880.000000	0.232232
489920.000000	0.232912
490960.000000	0.233064
1890.000000	0.233080
492000.000000	0.233896
493040.000000	0.233912
494080.000000	0.234728
495120.000000	0.234744
496160.000000	0.235560
497200.000000	0.235576
498240.000000	0.236392
499280.000000	0.236408
2100.000000	0.236576
500320.000000	0.237224
501360.000000	0.237408
502400.000000	0.238056
503440.000000	0.238240
504480.000000	0.238888
505520.000000	0.239072
506560.000000	0.239720
507600.000000	0.239904
508640.000000	0.240552
509680.000000	0.240736
2310.000000	0.240904
510720.000000	0.241384
511760.000000	0.241736
512800.000000	0.242216
513840.000000	0.242568
514880.000000	0.243048
515920.000000	0.243400
516960.000000	0.243880
518000.000000	0.244232
2520.000000	0.244400
519040.000000	0.244712
520080.000000	0.245232
521120.000000	0.245544
522160.000000	0.246064
523200.000000	0.246376
524240.000000	0.246896
525280.000000	0.247208
526320.000000	0.247728
527360.000000	0.248040
528400.000000	0.248560
2730.000000	0.248728
529440.000000	0.248872
530480.000000	0.249560
531520.000000	0.249704
532560.000000	0.250392
533600.000000	0.250536
534640.000000	0.251224
535680.000000	0.251368
536720.000000	0.252056
537760.000000	0.252200
2940.000000	0.252224
538800.000000	0.253032
539840.000000	0.253056
540880.000000	0.253864
541920.000000	0.253888
542960.000000	0.254696
544000.000000	0.254720
545040.000000	0.255528
546080.000000	0.255552
547120.000000	0.256360
548160.000000	0.256384
3150.000000	0.256552
549200.000000	0.257192
550240.000000	0.257384
551280.000000	0.258024
552320.000000	0.258216
553360.000000	0.258856
554400.000000	0.259048
555440.000000	0.259688
556480.000000	0.259880
3360.000000	0.260048
557520.000000	0.260520
558560.000000	0.260880
559600.000000	0.261352
560640.000000	0.261712
561680.000000	0.262184
562720.000000	0.262544
563760.000000	0.263016
564800.000000	0.263376
565840.000000	0.263848
566880.000000	0.264208
3570.000000	0.264376
567920.000000	0.264680
568960.000000	0.265208
570000.000000	0.265512
571040.000000	0.266040
572080.000000	0.266344
573120.000000	0.266872
574160.000000	0.267176
575200.000000	0.267704
3780.000000	0.267872
576240.000000	0.268008
577280.000000	0.268704
578320.000000	0.268840
579360.000000	0.269536
580400.000000	0.269672
581440.000000	0.270368
582480.000000	0.270504
583520.000000	0.271200
584560.000000	0.271336
585600.000000	0.272032
586640.000000	0.272168
3990.000000	0.272200
587680.000000	0.273000
588720.000000	0.273032
589760.000000	0.273832
590800.000000	0.273864
591840.000000	0.274664
592880.000000	0.274696
593920.000000	0.275496
594960.000000	0.275528
4200.000000	0.275696
596000.000000	0.276328
597040.000000	0.276528
598080.000000	0.277160
599120.000000	0.277360
600160.000000	0.277992
601200.000000	0.278192
602240.000000	0.278824
603280.000000	0.279024
604320.000000	0.279656
605360.000000	0.279856
4410.000000	0.280024
606400.000000	0.280488
607440.000000	0.280856
608480.000000	0.281320
609520.000000	0.281688
610560.000000	0.282152
611600.000000	0.282520
612640.000000	0.282984
613680.000000	0.283352
4620.000000	0.283520
614720.000000	0.283816
615760.000000	0.284352
616800.000000	0.284648
617840.000000	0.285184
618880.000000	0.285480
619920.000000	0.286016
620960.000000	0.286312
622000.000000	0.286848
623040.000000	0.287144
624080.000000	0.287680
4830.000000	0.287848
625120.000000	0.287976
626160.000000	0.288680
627200.000000	0.288808
628240.000000	0.289512
629280.000000	0.289640
630320.000000	0.290344
631360.000000	0.290472
632400.000000	0.291176
633440.000000	0.291304
5040.000000	0.291344
634480.000000	0.292136
635520.000000	0.292176
636560.000000	0.292968
637600.000000	0.293008
638640.000000	0.293800
639680.000000	0.293840
640720.000000	0.294632
641760.000000	0.294672
642800.000000	0.295464
643840.000000	0.295504
5250.000000	0.295672
644880.000000	0.296296
645920.000000	0.296504
646960.000000	0.297128
648000.000000	0.297336
649040.000000	0.297960
650080.000000	0.298168
651120.000000	0.298792
652160.000000	0.299000
5460.000000	0.299168
653200.000000	0.299624
654240.000000	0.300000
655280.000000	0.300456
656320.000000	0.300832
657360.000000	0.301288
658400.000000	0.301664
659440.000000	0.302120
660480.000000	0.302496
661520.000000	0.302952
662560.000000	0.303328
5670.000000	0.303496
663600.000000	0.303784
664640.000000	0.304328
665680.000000	0.304616
666720.000000	0.305160
667760.000000	0.305448
668800.000000	0.305992
669840.000000	0.306280
670880.000000	0.306824
5880.000000	0.306992
671920.000000	0.307112
672960.000000	0.307824
674000.000000	0.307944
675040.000000	0.308656
676080.000000	0.308776
677120.000000	0.309488
678160.000000	0.309608
679200.000000	0.310320
680240.000000	0.310440
681280.000000	0.311152
682320.000000	0.311272
6090.000000	0.311320
683360.000000	0.312104
684400.000000	0.312152
685440.000000	0.312936
686480.000000	0.312984
687520.000000	0.313768
688560.000000	0.313816
689600.000000	0.314600
690640.000000	0.314648
6300.000000	0.314816
691680.000000	0.315432
692720.000000	0.315648
693760.000000	0.316264
694800.000000	0.316480
695840.000000	0.317096
696880.000000	0.317312
697920.000000	0.317928
698960.000000	0.318144
700000.000000	0.318760
701040.000000	0.318976
6510.000000	0.319144
702080.000000	0.319592
703120.000000	0.319976
704160.000000	0.320424
705200.000000	0.320808
706240.000000	0.321256
707280.000000	0.321640
708320.000000	0.322088
709360.000000	0.322472
6720.000000	0.322640
710400.000000	0.322920
711440.000000	0.323472
712480.000000	0.323752
713520.000000	0.324304
714560.000000	0.324584
715600.000000	0.325136
716640.000000	0.325416
717680.000000	0.325968
718720.000000	0.326248
719760.000000	0.326800
6930.000000	0.326968
720800.000000	0.327080
721840.000000	0.327800
722880.000000	0.327912
723920.000000	0.328632
724960.000000	0.328744
726000.000000	0.329464
727040.000000	0.329576
728080.000000	0.330296
729120.000000	0.330408
7140.000000	0.330464
730160.000000	0.331240
731200.000000	0.331296
732240.000000	0.332072
733280.000000	0.332128
734320.000000	0.332904
735360.000000	0.332960
736400.000000	0.333736
737440.000000	0.333792
738480.000000	0.334568
739520.000000	0.334624
7350.000000	0.334792
740560.000000	0.335400
741600.000000	0.335624
742640.000000	0.336232
743680.000000	0.336456
744720.000000	0.337064
745760.000000	0.337288
746800.000000	0.337896
747840.000000	0.338120
748880.000000	0.338728
749920.000000	0.338952
7560.000000	0.339120
750960.000000	0.339560
752000.000000	0.339952
753040.000000	0.340392
754080.000000	0.340784
755120.000000	0.341224
756160.000000	0.341616
757200.000000	0.342056
758240.000000	0.342448
7770.000000	0.342616
759280.000000	0.342888
760320.000000	0.343448
761360.000000	0.343720
762400.000000	0.344280
763440.000000	0.344552
764480.000000	0.345112
765520.000000	0.345384
766560.000000	0.345944
767600.000000	0.346216
768640.000000	0.346776
7980.000000	0.346944
769680.000000	0.347048
770720.000000	0.347776
771760.000000	0.347880
772800.000000	0.348608
773840.000000	0.348712
774880.000000	0.349440
775920.000000	0.349544
776960.000000	0.350272
778000.000000	0.350376
8190.000000	0.350440
779040.000000	0.351208
780080.000000	0.351272
781120.000000	0.352040
782160.000000	0.352104
783200.000000	0.352872
784240.000000	0.352936
785280.000000	0.353704
786320.000000	0.353768
787360.000000	0.354536
788400.000000	0.354600
8400.000000	0.354768
789440.000000	0.355368
790480.000000	0.355600
791520.000000	0.356200
792560.000000	0.356432
793600.000000	0.357032
794640.000000	0.357264
795680.000000	0.357864
796720.000000	0.358096
8610.000000	0.358264
797760.000000	0.358696
798800.000000	0.359096
799840.000000	0.359528
800880.000000	0.359928
801920.000000	0.360360
802960.000000	0.360760
804000.000000	0.361192
805040.000000	0.361592
806080.000000	0.362024
807120.000000	0.362424
8820.000000	0.362592
808160.000000	0.362856
809200.000000	0.363424
810240.000000	0.363688
811280.000000	0.364256
812320.000000	0.364520
813360.000000	0.365088
814400.000000	0.365352
815440.000000	0.365920
9030.000000	0.366088
816480.000000	0.366184
817520.000000	0.366920
818560.000000	0.367016
819600.000000	0.367752
820640.000000	0.367848
821680.000000	0.368584
822720.000000	0.368680
823760.000000	0.369416
824800.000000	0.369512
825840.000000	0.370248
826880.000000	0.370344
9240.000000	0.370416
827920.000000	0.371176
828960.000000	0.371248
830000.000000	0.372008
831040.000000	0.372080
832080.000000	0.372840
833120.000000	0.372912
834160.000000	0.373672
835200.000000	0.373744
9450.000000	0.373912
836240.000000	0.374504
837280.000000	0.374744
838320.000000	0.375336
839360.000000	0.375576
840400.000000	0.376168
841440.000000	0.376408
842480.000000	0.377000
843520.000000	0.377240
844560.000000	0.377832
845600.000000	0.378072
9660.000000	0.378240
846640.000000	0.378664
847680.000000	0.379072
848720.000000	0.379496
849760.000000	0.379904
850800.000000	0.380328
851840.000000	0.380736
852880.000000	0.381160
853920.000000	0.381568
9870.000000	0.381736
854960.000000	0.381992
856000.000000	0.382568
857040.000000	0.382824
858080.000000	0.383400
859120.000000	0.383656
860160.000000	0.384232
861200.000000	0.384488
862240.000000	0.385064
863280.000000	0.385320
864320.000000	0.385896
10080.000000	0.386064
865360.000000	0.386152
866400.000000	0.386896
867440.000000	0.386984
868480.000000	0.387728
869520.000000	0.387816
870560.000000	0.388560
871600.000000	0.388648
872640.000000	0.389392
873680.000000	0.389480
10290.000000	0.389560
874720.000000	0.390312
875760.000000	0.390392
876800.000000	0.391144
877840.000000	0.391224
878880.000000	0.391976
879920.000000	0.392056
880960.000000	0.392808
882000.000000	0.392888
883040.000000	0.393640
884080.000000	0.393720
10500.000000	0.393888
885120.000000	0.394472
886160.000000	0.394720
887200.000000	0.395304
888240.000000	0.395552
889280.000000	0.396136
890320.000000	0.396384
891360.000000	0.396968
892400.000000	0.397216
10710.000000	0.397384
893440.000000	0.397800
894480.000000	0.398216
895520.000000	0.398632
896560.000000	0.399048
897600.000000	0.399464
898640.000000	0.399880
899680.000000	0.400296
900720.000000	0.400712
901760.000000	0.401128
902800.000000	0.401544
10920.000000	0.401712
903840.000000	0.401960
904880.000000	0.402544
905920.000000	0.402792
906960.000000	0.403376
908000.000000	0.403624
909040.000000	0.404208
910080.000000	0.404456
911120.000000	0.405040
11130.000000	0.405208
912160.000000	0.405288
913200.000000	0.406040
914240.000000	0.406120
915280.000000	0.406872
916320.000000	0.406952
917360.000000	0.407704
918400.000000	0.407784
919440.000000	0.408536
920480.000000	0.408616
921520.000000	0.409368
922560.000000	0.409448
11340.000000	0.409536
923600.000000	0.410280
924640.000000	0.410368
925680.000000	0.411112
926720.000000	0.411200
927760.000000	0.411944
928800.000000	0.412032
929840.000000	0.412776
930880.000000	0.412864
11550.000000	0.413032
931920.000000	0.413608
932960.000000	0.413864
934000.000000	0.414440
935040.000000	0.414696
936080.000000	0.415272
937120.000000	0.415528
938160.000000	0.416104
939200.000000	0.416360
940240.000000	0.416936
941280.000000	0.417192
11760.000000	0.417360
942320.000000	0.417768
943360.000000	0.418192
944400.000000	0.418600
945440.000000	0.419024
946480.000000	0.419432
947520.000000	0.419856
948560.000000	0.420264
949600.000000	0.420688
11970.000000	0.420856
950640.000000	0.421096
951680.000000	0.421688
952720.000000	0.421928
953760.000000	0.422520
954800.000000	0.422760
955840.000000	0.423352
956880.000000	0.423592
957920.000000	0.424184
958960.000000	0.424424
960000.000000	0.425016
12180.000000	0.425184
961040.000000	0.425256
962080.000000	0.426016
963120.000000	0.426088
964160.000000	0.426848
965200.000000	0.426920
966240.000000	0.427680
967280.000000	0.427752
968320.000000	0.428512
969360.000000	0.428584
12390.000000	0.428680
970400.000000	0.429416
971440.000000	0.429512
972480.000000	0.430248
973520.000000	0.430344
974560.000000	0.431080
975600.000000	0.431176
976640.000000	0.431912
977680.000000	0.432008
978720.000000	0.432744
979760.000000	0.432840
12600.000000	0.433008
980800.000000	0.433576
981840.000000	0.433840
982880.000000	0.434408
983920.000000	0.434672
984960.000000	0.435240
986000.000000	0.435504
987040.000000	0.436072
988080.000000	0.436336
12810.000000	0.436504
989120.000000	0.436904
990160.000000	0.437336
991200.000000	0.437736
992240.000000	0.438168
993280.000000	0.438568
994320.000000	0.439000
995360.000000	0.439400
996400.000000	0.439832
997440.000000	0.440232
998480.000000	0.440664
13020.000000	0.440832
999520.000000	0.441064
1000560.000000	0.441664
1001600.000000	0.441896
1002640.000000	0.442496
1003680.000000	0.442728
1004720.000000	0.443328
1005760.000000	0.443560
1006800.000000	0.444160
13230.000000	0.444328
1007840.000000	0.444392
1008880.000000	0.445160
1009920.000000	0.445224
1010960.000000	0.445992
1012000.000000	0.446056
1013040.000000	0.446824
1014080.000000	0.446888
1015120.000000	0.447656
1016160.000000	0.447720
1017200.000000	0.448488
1018240.000000	0.448552
13440.000000	0.448656
1019280.000000	0.449384
1020320.000000	0.449488
1021360.000000	0.450216
1022400.000000	0.450320
1023440.000000	0.451048
1024480.000000	0.451152
1025520.000000	0.451880
1026560.000000	0.451984
13650.000000	0.452152
1027600.000000	0.452712
1028640.000000	0.452984
1029680.000000	0.453544
1030720.000000	0.453816
1031760.000000	0.454376
1032800.000000	0.454648
1033840.000000	0.455208
1034880.000000	0.455480
1035920.000000	0.456040
1036960.000000	0.456312
13860.000000	0.456480
1038000.000000	0.456880
1039040.000000	0.457312
1040080.000000	0.457712
1041120.000000	0.458144
1042160.000000	0.458544
1043200.000000	0.458976
1044240.000000	0.459376
1045280.000000	0.459808
14070.000000	0.459976
1046320.000000	0.460208
1047360.000000	0.460808
1048400.000000	0.461208
1049440.000000	0.461640
1050480.000000	0.462040
1051520.000000	0.462472
1052560.000000	0.462872
1053600.000000	0.463304
1054640.000000	0.463704
1055680.000000	0.464136
14280.000000	0.464304
1056720.000000	0.464704
1057760.000000	0.465136
1058800.000000	0.465536
1059840.000000	0.465968
1060880.000000	0.466368
1061920.000000	0.466800
1062960.000000	0.467200
1064000.000000	0.467632
14490.000000	0.467800
1065040.000000	0.468032
1066080.000000	0.468632
1067120.000000	0.469032
1068160.000000	0.469464
1069200.000000	0.469864
1070240.000000	0.470296
1071280.000000	0.470696
1072320.000000	0.471128
1073360.000000	0.471528
1074400.000000	0.471960
14700.000000	0.472128
1075440.000000	0.472528
1076480.000000	0.472960
1077520.000000	0.473360
1078560.000000	0.473792
1079600.000000	0.474192
1080640.000000	0.474624
1081680.000000	0.475024
1082720.000000	0.475456
14910.000000	0.475624
1083760.000000	0.475856
1084800.000000	0.476456
1085840.000000	0.476856
1086880.000000	0.477288
1087920.000000	0.477688
1088960.000000	0.478120
1090000.000000	0.478520
1091040.000000	0.478952
15120.000000	0.479120
1092080.000000	0.479352
1093120.000000	0.479952
1094160.000000	0.480352
1095200.000000	0.480784
1096240.000000	0.481184
1097280.000000	0.481616
1098320.000000	0.482016
1099360.000000	0.482448
1100400.000000	0.482848
1101440.000000	0.483280
15330.000000	0.483448
1102480.000000	0.483848
1103520.000000	0.484280
1104560.000000	0.484680
1105600.000000	0.485112
1106640.000000	0.485512
1107680.000000	0.485944
1108720.000000	0.486344
1109760.000000	0.486776
15540.000000	0.486944
1110800.000000	0.487176
1111840.000000	0.487776
1112880.000000	0.488176
1113920.000000	0.488608
1114960.000000	0.489008
1116000.000000	0.489440
1117040.000000	0.489840
1118080.000000	0.490272
15750.000000	0.490440
1119120.000000	0.490672
1120160.000000	0.491272
1121200.000000	0.491672
1122240.000000	0.492104
1123280.000000	0.492504
1124320.000000	0.492936
1125360.000000	0.493336
1126400.000000	0.493768
1127440.000000	0.494168
1128480.000000	0.494600
15960.000000	0.494768
1129520.000000	0.495168
1130560.000000	0.495600
1131600.000000	0.496000
1132640.000000	0.496432
1133680.000000	0.496832
1134720.000000	0.497264
1135760.000000	0.497664
1136800.000000	0.498096
16170.000000	0.498264
1137840.000000	0.498496
1138880.000000	0.499096
1139920.000000	0.499496
1140960.000000	0.499928
1142000.000000	0.500328
1143040.000000	0.500760
1144080.000000	0.501160
1145120.000000	0.501592
16380.000000	0.501760
1146160.000000	0.501992
1147200.000000	0.502592
1148240.000000	0.502992
1149280.000000	0.503424
1150320.000000	0.503824
1151360.000000	0.504256
1152400.000000	0.504656
1153440.000000	0.505088
16590.000000	0.505256
1154480.000000	0.505488
1155520.000000	0.506088
1156560.000000	0.506488
1157600.000000	0.506920
1158640.000000	0.507320
1159680.000000	0.507752
1160720.000000	0.508152
1161760.000000	0.508584
1162800.000000	0.508984
1163840.000000	0.509416
16800.000000	0.509584
1164880.000000	0.509984
1165920.000000	0.510416
1166960.000000	0.510816
1168000.000000	0.511248
1169040.000000	0.511648
1170080.000000	0.512080
1171120.000000	0.512480
1172160.000000	0.512912
17010.000000	0.513080
1173200.000000	0.513312
1174240.000000	0.513912
1175280.000000	0.514312
1176320.000000	0.514744
1177360.000000	0.515144
1178400.000000	0.515576
1179440.000000	0.515976
1180480.000000	0.516408
17220.000000	0.516576
1181520.000000	0.516808
1182560.000000	0.517408
1183600.000000	0.517808
1184640.000000	0.518240
1185680.000000	0.518640
1186720.000000	0.519072
1187760.000000	0.519472
1188800.000000	0.519904
1189840.000000	0.520304
1190880.000000	0.520736
17430.000000	0.520904
1191920.000000	0.521304
1192960.000000	0.521736
1194000.000000	0.522136
1195040.000000	0.522568
1196080.000000	0.522968
1197120.000000	0.523400
1198160.000000	0.523800
1199200.000000	0.524232
17640.000000	0.524400
1200240.000000	0.524632
1201280.000000	0.525232
1202320.000000	0.525632
1203360.000000	0.526064
1204400.000000	0.526464
1205440.000000	0.526896
1206480.000000	0.527296
1207520.000000	0.527728
17850.000000	0.527896
1208560.000000	0.528128
1209600.000000	0.528728
1210640.000000	0.529128
1211680.000000	0.529560
1212720.000000	0.529960
1213760.000000	0.530392
1214800.000000	0.530792
1215840.000000	0.531224
1216880.000000	0.531624
1217920.000000	0.532056
18060.000000	0.532224
1218960.000000	0.532624
1220000.000000	0.533056
1221040.000000	0.533456
1222080.000000	0.533888
1223120.000000	0.534288
1224160.000000	0.534720
1225200.000000	0.535120
1226240.000000	0.535552
18270.000000	0.535720
1227280.000000	0.535952
1228320.000000	0.536552
1229360.000000	0.536952
1230400.000000	0.537384
1231440.000000	0.537784
1232480.000000	0.538216
1233520.000000	0.538616
1234560.000000	0.539048
18480.000000	0.539216
1235600.000000	0.539448
1236640.000000	0.540048
1237680.000000	0.540448
1238720.000000	0.540880
1239760.000000	0.541280
1240800.000000	0.541712
1241840.000000	0.542112
1242880.000000	0.542544
1243920.000000	0.542944
1244960.000000	0.543376
18690.000000	0.543544
1246000.000000	0.543944
1247040.000000	0.544376
1248080.000000	0.544776
1249120.000000	0.545208
1250160.000000	0.545608
1251200.000000	0.546040
1252240.000000	0.546440
1253280.000000	0.546872
18900.000000	0.547040
1254320.000000	0.547272
1255360.000000	0.547872
1256400.000000	0.548272
1257440.000000	0.548704
1258480.000000	0.549104
1259520.000000	0.549536
1260560.000000	0.549936
1261600.000000	0.550368
19110.000000	0.550536
1262640.000000	0.550768
1263680.000000	0.551368
1264720.000000	0.551768
1265760.000000	0.552200
1266800.000000	0.552600
1267840.000000	0.553032
1268880.000000	0.553432
1269920.000000	0.553864
19320.000000	0.554032
1270960.000000	0.554264
1272000.000000	0.554864
1273040.000000	0.555264
1274080.000000	0.555696
1275120.000000	0.556096
1276160.000000	0.556528
1277200.000000	0.556928
1278240.000000	0.557360
1279280.000000	0.557760
1280320.000000	0.558192
19530.000000	0.558360
1281360.000000	0.558760
1282400.000000	0.559192
1283440.000000	0.559592
1284480.000000	0.560024
1285520.000000	0.560424
1286560.000000	0.560856
1287600.000000	0.561256
1288640.000000	0.561688
19740.000000	0.561856
1289680.000000	0.562088
1290720.000000	0.562688
1291760.000000	0.563088
1292800.000000	0.563520
1293840.000000	0.563920
1294880.000000	0.564352
1295920.000000	0.564752
1296960.000000	0.565184
19950.000000	0.565352
1298000.000000	0.565584
1299040.000000	0.566184
1300080.000000	0.566584
1301120.000000	0.567016
1302160.000000	0.567416
1303200.000000	0.567848
1304240.000000	0.568248
1305280.000000	0.568680
1306320.000000	0.569080
1307360.000000	0.569512
20160.000000	0.569680
1308400.000000	0.570080
1309440.000000	0.570512
1310480.000000	0.570912
1311520.000000	0.571344
1312560.000000	0.571744
1313600.000000	0.572176
1314640.000000	0.572576
1315680.000000	0.573008
20370.000000	0.573176
1316720.000000	0.573408
1317760.000000	0.574008
1318800.000000	0.574408
1319840.000000	0.574840
1320880.000000	0.575240
1321920.000000	0.575672
1322960.000000	0.576072
1324000.000000	0.576504
20580.000000	0.576672
1325040.000000	0.576904
1326080.000000	0.577504
1327120.000000	0.577904
1328160.000000	0.578336
1329200.000000	0.578736
1330240.000000	0.579168
1331280.000000	0.579568
1332320.000000	0.580000
1333360.000000	0.580400
1334400.000000	0.580832
20790.000000	0.581000
1335440.000000	0.581400
1336480.000000	0.581832
1337520.000000	0.582232
1338560.000000	0.582664
1339600.000000	0.583064
1340640.000000	0.583496
1341680.000000	0.583896
1342720.000000	0.584328
21000.000000	0.584496
1343760.000000	0.584728
1344800.000000	0.585328
1345840.000000	0.585728
1346880.000000	0.586160
1347920.000000	0.586560
1348960.000000	0.586992
1350000.000000	0.587392
1351040.000000	0.587824
21210.000000	0.587992
1352080.000000	0.588224
1353120.000000	0.588824
1354160.000000	0.589224
1355200.000000	0.589656
1356240.000000	0.590056
1357280.000000	0.590488
1358320.000000	0.590888
1359360.000000	0.591320
1360400.000000	0.591720
1361440.000000	0.592152
21420.000000	0.592320
1362480.000000	0.592720
1363520.000000	0.593152
1364560.000000	0.593552
1365600.000000	0.593984
1366640.000000	0.594384
1367680.000000	0.594816
1368720.000000	0.595216
1369760.000000	0.595648
21630.000000	0.595816
1370800.000000	0.596048
1371840.000000	0.596648
1372880.000000	0.597048
1373920.000000	0.597480
1374960.000000	0.597880
1376000.000000	0.598312
1377040.000000	0.598712
1378080.000000	0.599144
21840.000000	0.599312
1379120.000000	0.599544
1380160.000000	0.600144
1381200.000000	0.600544
1382240.000000	0.600976
1383280.000000	0.601376
1384320.000000	0.601808
1385360.000000	0.602208
1386400.000000	0.602640
22050.000000	0.602808
1387440.000000	0.603040
1388480.000000	0.603640
1389520.000000	0.604040
1390560.000000	0.604472
1391600.000000	0.604872
1392640.000000	0.605304
1393680.000000	0.605704
1394720.000000	0.606136
1395760.000000	0.606536
1396800.000000	0.606968
22260.000000	0.607136
1397840.000000	0.607536
1398880.000000	0.607968
1399920.000000	0.608368
1400960.000000	0.608800
1402000.000000	0.609200
1403040.000000	0.609632
1404080.000000	0.610032
1405120.000000	0.610464
22470.000000	0.610632
1406160.000000	0.610864
1407200.000000	0.611464
1408240.000000	0.611864
1409280.000000	0.612296
1410320.000000	0.612696
1411360.000000	0.613128
1412400.000000	0.613528
1413440.000000	0.613960
22680.000000	0.614128
1414480.000000	0.614360
1415520.000000	0.614960
1416560.000000	0.615360
1417600.000000	0.615792
1418640.000000	0.616192
1419680.000000	0.616624
1420720.000000	0.617024
1421760.000000	0.617456
1422800.000000	0.617856
1423840.000000	0.618288
22890.000000	0.618456
1424880.000000	0.618856
1425920.000000	0.619288
1426960.000000	0.619688
1428000.000000	0.620120
1429040.000000	0.620520
1430080.000000	0.620952
1431120.000000	0.621352
1432160.000000	0.621784
23100.000000	0.621952
1433200.000000	0.622184
1434240.000000	0.622784
1435280.000000	0.623184
1436320.000000	0.623616
1437360.000000	0.624016
1438400.000000	0.624448
1439440.000000	0.624848
1440480.000000	0.625280
23310.000000	0.625448
1441520.000000	0.625680
1442560.000000	0.626280
1443600.000000	0.626680
1444640.000000	0.627112
1445680.000000	0.627512
1446720.000000	0.627944
1447760.000000	0.628344
1448800.000000	0.628776
1449840.000000	0.629176
1450880.000000	0.629608
23520.000000	0.629776
1451920.000000	0.630176
1452960.000000	0.630608
1454000.000000	0.631008
1455040.000000	0.631440
1456080.000000	0.631840
1457120.000000	0.632272
1458160.000000	0.632672
1459200.000000	0.633104
23730.000000	0.633272
1460240.000000	0.633504
1461280.000000	0.634104
1462320.000000	0.634504
1463360.000000	0.634936
1464400.000000	0.635336
1465440.000000	0.635768
1466480.000000	0.636168
1467520.000000	0.636600
23940.000000	0.636768
1468560.000000	0.637000
1469600.000000	0.637600
1470640.000000	0.638000
1471680.000000	0.638432
1472720.000000	0.638832
1473760.000000	0.639264
1474800.000000	0.639664
1475840.000000	0.640096
24150.000000	0.640264
1476880.000000	0.640496
1477920.000000	0.641096
1478960.000000	0.641496
1480000.000000	0.641928
1481040.000000	0.642328
1482080.000000	0.642760
1483120.000000	0.643160
1484160.000000	0.643592
1485200.000000	0.643992
1486240.000000	0.644424
24360.000000	0.644592
1487280.000000	0.644992
1488320.000000	0.645424
1489360.000000	0.645824
1490400.000000	0.646256
1491440.000000	0.646656
1492480.000000	0.647088
1493520.000000	0.647488
1494560.000000	0.647920
24570.000000	0.648088
1495600.000000	0.648320
1496640.000000	0.648920
1497680.000000	0.649320
1498720.000000	0.649752
1499760.000000	0.650152
1500800.000000	0.650584
1501840.000000	0.650984
1502880.000000	0.651416
24780.000000	0.651584
1503920.000000	0.651816
1504960.000000	0.652416
1506000.000000	0.652816
1507040.000000	0.653248
1508080.000000	0.653648
1509120.000000	0.654080
1510160.000000	0.654480
1511200.000000	0.654912
1512240.000000	0.655312
1513280.000000	0.655744
24990.000000	0.655912
1514320.000000	0.656312
1515360.000000	0.656744
1516400.000000	0.657144
1517440.000000	0.657576
1518480.000000	0.657976
1519520.000000	0.658408
1520560.000000	0.658808
1521600.000000	0.659240
25200.000000	0.659408
1522640.000000	0.659640
1523680.000000	0.660240
1524720.000000	0.660640
1525760.000000	0.661072
1526800.000000	0.661472
1527840.000000	0.661904
1528880.000000	0.662304
1529920.000000	0.662736
25410.000000	0.662904
1530960.000000	0.663136
1532000.000000	0.663736
1533040.000000	0.664136
1534080.000000	0.664568
1535120.000000	0.664968
1536160.000000	0.665400
1537200.000000	0.665800
1538240.000000	0.666232
1539280.000000	0.666632
1540320.000000	0.667064
25620.000000	0.667232
1541360.000000	0.667632
1542400.000000	0.668064
1543440.000000	0.668464
1544480.000000	0.668896
1545520.000000	0.669296
1546560.000000	0.669728
1547600.000000	0.670128
1548640.000000	0.670560
25830.000000	0.670728
1549680.000000	0.670960
1550720.000000	0.671560
1551760.000000	0.671960
1552800.000000	0.672392
1553840.000000	0.672792
1554880.000000	0.673224
1555920.000000	0.673624
1556960.000000	0.674056
26040.000000	0.674224
1558000.000000	0.674456
1559040.000000	0.675056
1560080.000000	0.675456
1561120.000000	0.675888
1562160.000000	0.676288
1563200.000000	0.676720
1564240.000000	0.677120
1565280.000000	0.677552
1566320.000000	0.677952
1567360.000000	0.678384
26250.000000	0.678552
1568400.000000	0.678952
1569440.000000	0.679384
1570480.000000	0.679784
1571520.000000	0.680216
1572560.000000	0.680616
1573600.000000	0.681048
1574640.000000	0.681448
1575680.000000	0.681880
26460.000000	0.682048
1576720.000000	0.682280
1577760.000000	0.682880
1578800.000000	0.683280
1579840.000000	0.683712
1580880.000000	0.684112
1581920.000000	0.684544
1582960.000000	0.684944
1584000.000000	0.685376
26670.000000	0.685544
1585040.000000	0.685776
1586080.000000	0.686376
1587120.000000	0.686776
1588160.000000	0.687208
1589200.000000	0.687608
1590240.000000	0.688040
1591280.000000	0.688440
1592320.000000	0.688872
26880.000000	0.689040
1593360.000000	0.689272
1594400.000000	0.689872
1595440.000000	0.690272
1596480.000000	0.690704
1597520.000000	0.691104
1598560.000000	0.691536
1599600.000000	0.691936
1600640.000000	0.692368
1601680.000000	0.692768
1602720.000000	0.693200
27090.000000	0.693368
1603760.000000	0.693768
1604800.000000	0.694200
1605840.000000	0.694600
1606880.000000	0.695032
1607920.000000	0.695432
1608960.000000	0.695864
1610000.000000	0.696264
1611040.000000	0.696696
27300.000000	0.696864
1612080.000000	0.697096
1613120.000000	0.697696
1614160.000000	0.698096
1615200.000000	0.698528
1616240.000000	0.698928
1617280.000000	0.699360
1618320.000000	0.699760
1619360.000000	0.700192
27510.000000	0.700360
1620400.000000	0.700592
1621440.000000	0.701192
1622480.000000	0.701592
1623520.000000	0.702024
1624560.000000	0.702424
1625600.000000	0.702856
1626640.000000	0.703256
1627680.000000	0.703688
1628720.000000	0.704088
1629760.000000	0.704520
27720.000000	0.704688
1630800.000000	0.705088
1631840.000000	0.705520
1632880.000000	0.705920
1633920.000000	0.706352
1634960.000000	0.706752
1636000.000000	0.707184
1637040.000000	0.707584
1638080.000000	0.708016
27930.000000	0.708184
1639120.000000	0.708416
1640160.000000	0.709016
1641200.000000	0.709416
1642240.000000	0.709848
1643280.000000	0.710248
1644320.000000	0.710680
1645360.000000	0.711080
1646400.000000	0.711512
28140.000000	0.711680
1647440.000000	0.711912
1648480.000000	0.712512
1649520.000000	0.712912
1650560.000000	0.713344
1651600.000000	0.713744
1652640.000000	0.714176
1653680.000000	0.714576
1654720.000000	0.715008
1655760.000000	0.715408
1656800.000000	0.715840
28350.000000	0.716008
1657840.000000	0.716408
1658880.000000	0.716840
1659920.000000	0.717240
1660960.000000	0.717672
1662000.000000	0.718072
1663040.000000	0.718504
1664080.000000	0.718904
1665120.000000	0.719336
28560.000000	0.719504
1666160.000000	0.719736
1667200.000000	0.720336
1668240.000000	0.720736
1669280.000000	0.721168
1670320.000000	0.721568
1671360.000000	0.722000
1672400.000000	0.722400
1673440.000000	0.722832
28770.000000	0.723000
1674480.000000	0.723232
1675520.000000	0.723832
1676560.000000	0.724232
1677600.000000	0.724664
1678640.000000	0.725064
1679680.000000	0.725496
1680720.000000	0.725896
1681760.000000	0.726328
1682800.000000	0.726728
1683840.000000	0.727160
28980.000000	0.727328
1684880.000000	0.727728
1685920.000000	0.728160
1686960.000000	0.728560
1688000.000000	0.728992
1689040.000000	0.729392
1690080.000000	0.729824
1691120.000000	0.730224
1692160.000000	0.730656
29190.000000	0.730824
1693200.000000	0.731056
1694240.000000	0.731656
1695280.000000	0.732056
1696320.000000	0.732488
1697360.000000	0.732888
1698400.000000	0.733320
1699440.000000	0.733720
1700480.000000	0.734152
29400.000000	0.734320
1701520.000000	0.734552
1702560.000000	0.735152
1703600.000000	0.735552
1704640.000000	0.735984
1705680.000000	0.736384
1706720.000000	0.736816
1707760.000000	0.737216
1708800.000000	0.737648
29610.000000	0.737816
1709840.000000	0.738048
1710880.000000	0.738648
1711920.000000	0.739048
1712960.000000	0.739480
1714000.000000	0.739880
1715040.000000	0.740312
1716080.000000	0.740712
1717120.000000	0.741144
1718160.000000	0.741544
1719200.000000	0.741976
29820.000000	0.742144
1720240.000000	0.742544
1721280.000000	0.742976
1722320.000000	0.743376
1723360.000000	0.743808
1724400.000000	0.744208
1725440.000000	0.744640
1726480.000000	0.745040
1727520.000000	0.745472
30030.000000	0.745640
1728560.000000	0.745872
1729600.000000	0.746472
1730640.000000	0.746872
1731680.000000	0.747304
1732720.000000	0.747704
1733760.000000	0.748136
1734800.000000	0.748536
1735840.000000	0.748968
30240.000000	0.749136
1736880.000000	0.749368
1737920.000000	0.749968
1738960.000000	0.750368
1740000.000000	0.750800
1741040.000000	0.751200
1742080.000000	0.751632
1743120.000000	0.752032
1744160.000000	0.752464
1745200.000000	0.752864
1746240.000000	0.753296
30450.000000	0.753464
1747280.000000	0.753864
1748320.000000	0.754296
1749360.000000	0.754696
1750400.000000	0.755128
1751440.000000	0.755528
1752480.000000	0.755960
1753520.000000	0.756360
1754560.000000	0.756792
30660.000000	0.756960
1755600.000000	0.757192
1756640.000000	0.757792
1757680.000000	0.758192
1758720.000000	0.758624
1759760.000000	0.759024
1760800.000000	0.759456
1761840.000000	0.759856
1762880.000000	0.760288
30870.000000	0.760456
1763920.000000	0.760688
1764960.000000	0.761288
1766000.000000	0.761688
1767040.000000	0.762120
1768080.000000	0.762520
1769120.000000	0.762952
1770160.000000	0.763352
1771200.000000	0.763784
1772240.000000	0.764184
1773280.000000	0.764616
31080.000000	0.764784
1774320.000000	0.765184
1775360.000000	0.765616
1776400.000000	0.766016
1777440.000000	0.766448
1778480.000000	0.766848
1779520.000000	0.767280
1780560.000000	0.767680
1781600.000000	0.768112
31290.000000	0.768280
1782640.000000	0.768512
1783680.000000	0.769112
1784720.000000	0.769512
1785760.000000	0.769944
1786800.000000	0.770344
1787840.000000	0.770776
1788880.000000	0.771176
1789920.000000	0.771608
31500.000000	0.771776
1790960.000000	0.772008
1792000.000000	0.772608
1793040.000000	0.773008
1794080.000000	0.773440
1795120.000000	0.773840
1796160.000000	0.774272
1797200.000000	0.774672
1798240.000000	0.775104
31710.000000	0.775272
1799280.000000	0.775504
1800320.000000	0.776104
1801360.000000	0.776504
1802400.000000	0.776936
1803440.000000	0.777336
1804480.000000	0.777768
1805520.000000	0.778168
1806560.000000	0.778600
1807600.000000	0.779000
1808640.000000	0.779432
31920.000000	0.779600
1809680.000000	0.780000
1810720.000000	0.780432
1811760.000000	0.780832
1812800.000000	0.781264
1813840.000000	0.781664
1814880.000000	0.782096
1815920.000000	0.782496
1816960.000000	0.782928
32130.000000	0.783096
1818000.000000	0.783328
1819040.000000	0.783928
1820080.000000	0.784328
1821120.000000	0.784760
1822160.000000	0.785160
1823200.000000	0.785592
1824240.000000	0.785992
1825280.000000	0.786424
32340.000000	0.786592
1826320.000000	0.786824
1827360.000000	0.787424
1828400.000000	0.787824
1829440.000000	0.788256
1830480.000000	0.788656
1831520.000000	0.789088
1832560.000000	0.789488
1833600.000000	0.789920
1834640.000000	0.790320
1835680.000000	0.790752
32550.000000	0.790920
1836720.000000	0.791320
1837760.000000	0.791752
1838800.000000	0.792152
1839840.000000	0.792584
1840880.000000	0.792984
1841920.000000	0.793416
1842960.000000	0.793816
1844000.000000	0.794248
32760.000000	0.794416
1845040.000000	0.794648
1846080.000000	0.795248
1847120.000000	0.795648
1848160.000000	0.796080
1849200.000000	0.796480
1850240.000000	0.796912
1851280.000000	0.797312
1852320.000000	0.797744
32970.000000	0.797912
1853360.000000	0.798144
1854400.000000	0.798744
1855440.000000	0.799144
1856480.000000	0.799576
1857520.000000	0.799976
Throughput of TCP: 18.575757 Mbps
Throughput of UDP: 0.330563 Mbps
